<?xml version="1.0"?>
<opencv_storage>
<mat_T type_id="opencv-matrix">
  <rows>3</rows>
  <cols>1</cols>
  <dt>d</dt>
  <data>
    -1.0725419318809993e+02 -1.1211360261752150e+00
    3.6241154218932037e+00</data></mat_T>
</opencv_storage>
