<?xml version="1.0"?>
<opencv_storage>
<mat_E type_id="opencv-matrix">
  <rows>3</rows>
  <cols>3</cols>
  <dt>d</dt>
  <data>
    -1.1948970037892143e-01 -3.6186361913901282e+00
    -1.1324102199543273e+00 6.5082583252495709e+00
    -5.0603335611378875e-01 1.0711667784633627e+02
    -1.5228898337497796e+00 -1.0724858127497195e+02
    -3.7619606516721010e-01</data></mat_E>
</opencv_storage>
