<?xml version="1.0"?>
<opencv_storage>
<mat_F type_id="opencv-matrix">
  <rows>3</rows>
  <cols>3</cols>
  <dt>d</dt>
  <data>
    -1.9148753419052297e-07 -5.7990246793196924e-06
    5.6217757303273153e-07 1.0429772060896619e-05
    -8.1094085325430831e-07 1.3058797230406821e-01
    -4.2737839463439110e-03 -1.3182157976899048e-01 1.</data></mat_F>
</opencv_storage>
