<?xml version="1.0"?>
<opencv_storage>
<mat_Q type_id="opencv-matrix">
  <rows>4</rows>
  <cols>4</cols>
  <dt>d</dt>
  <data>
    1. 0. 0. -3.6635876083374023e+02 0. 1. 0. -2.3414948081970215e+02 0.
    0. 0. 7.4313063651994253e+02 0. 0. 9.3178181881977303e-03
    -2.1932250337947623e-01</data></mat_Q>
</opencv_storage>
