<?xml version="1.0"?>
<opencv_storage>
<mat_P2 type_id="opencv-matrix">
  <rows>3</rows>
  <cols>4</cols>
  <dt>d</dt>
  <data>
    7.4313063651994253e+02 0. 3.4282079315185547e+02
    -7.9753717180403619e+04 0. 7.4313063651994253e+02
    2.3414948081970215e+02 0. 0. 0. 1. 0.</data></mat_P2>
</opencv_storage>
