<?xml version="1.0"?>
<opencv_storage>
<mat_distortion1 type_id="opencv-matrix">
  <rows>1</rows>
  <cols>5</cols>
  <dt>d</dt>
  <data>
    -1.5824437520950685e-01 -9.4350633878695772e-02 0. 0.
    2.8118821700470624e+00</data></mat_distortion1>
</opencv_storage>
