<?xml version="1.0"?>
<opencv_storage>
<mat_R type_id="opencv-matrix">
  <rows>3</rows>
  <cols>3</cols>
  <dt>d</dt>
  <data>
    9.9933392928706732e-01 -2.4549079349616244e-02
    -2.7000749596207071e-02 2.4644995458751189e-02
    9.9969106317047984e-01 3.2252776490937930e-03 2.6913230473300010e-02
    -3.8885627372920156e-03 9.9963021018040932e-01</data></mat_R>
</opencv_storage>
